$ANSIBLE_VAULT;1.1;AES256
61323132633332323566643235633531636665656261306163306539663535353163663234323338
3466646434636139313565646436346232386137303662640a626134353361643532633366376238
32353134363862656435316563373465346337313332376264353931323162323334393964666137
6335666630313763650a383261643233353739373130373038316632386163366336626431393064
33346639323834396332623432653838656331353865333134363662366464343861356366663164
33643331346366616433366465343035663530656337363662336631326233643739656464363730
33633566313463656139613063613635613032313837643236633561313533363836356139636431
39643365343534363431353632336463316230396331376330353763333765316536653139653638
36306337623835346638613465363435393736663033366438313665306332666365326565356134
64376461326464636463653031383662623134313863656137653834366663303135616563383866
643738613130303037313033383666336532
